	1	2	3	4	5	6
1	0	15	12	22	28	43	
2	15	0	28	38	44	59
3	12	28	0	36	16	31
4	22	38	36	0	29	44
5	28	44	16	29	0	15
6	43	59	31	44	15	0